2012	1	10253
2012	2	10342
2012	3	11624
2012	4	13170
2012	5	17397
2012	6	13075
2012	7	11694
2012	8	12116
2012	9	12067
2012	10	13159
2012	11	13591
2012	12	12877
2013	1	13098
2013	2	12909
2013	3	15861
2013	4	14842
2013	5	18417
2013	6	13554
2013	7	15748
2013	8	16892
2013	9	18170
2013	10	17448
2013	11	17027
2013	12	16553
2014	1	15461
2014	2	15888
2014	3	19572
2014	4	21405
2014	5	22601
2014	6	17588
2014	7	19574
2014	8	17821
2014	9	18415
2014	10	20154
2014	11	18796
2014	12	16446
2015	1	18256
2015	2	16395
2015	3	20764
2015	4	21421
2015	5	20917
2015	6	19160
2015	7	19431
2015	8	21314
2015	9	19985
2015	10	19936
2015	11	19899
2015	12	17871
2016	1	16671
2016	2	19823
2016	3	22521
2016	4	20991
2016	5	18734
2016	6	20055
2016	7	17236
2016	8	17677
2016	9	16353
2016	10	16766
2016	11	16382
2016	12	14471
